# AI-2048 基准种子集 — 日常迭代用（100 局）
#
# 用法:  ai2048-cli selfcheck --seeds benchmarks/seeds-v1.txt
#        ai2048-cli bench     --seeds benchmarks/seeds-v1.txt --tag <改动名>
#
# 这是**可复现性资产**，不是缓存。
# 每局的随机数完全由这里的种子决定，与线程数、机器、跑的顺序都无关。
# 改动这个文件等于换了一套考题：所有历史分数都不再可比。
#
# 规则集版本: 1
# 种子范围:   1 .. 100
1
2
3
4
5
6
7
8
9
10
11
12
13
14
15
16
17
18
19
20
21
22
23
24
25
26
27
28
29
30
31
32
33
34
35
36
37
38
39
40
41
42
43
44
45
46
47
48
49
50
51
52
53
54
55
56
57
58
59
60
61
62
63
64
65
66
67
68
69
70
71
72
73
74
75
76
77
78
79
80
81
82
83
84
85
86
87
88
89
90
91
92
93
94
95
96
97
98
99
100
